fSIhgUks4YA
472ad622-7cb3-584d-8330-c41c402b221b
a321e9b7-d749-5018-974b-9db156e80908
b01bb53a-dd5c-5ed9-b9cb-d22001c0a2b3
d2cb3670-cffb-5796-97ed-e355caea8443
_Ot0vq83vHk
2065789003421606108
2068695730097983791
2068725965648527850
2068799896665088506
2068876698091941933
2069095720289005830
2069171215395438697
2069245306361790598
2069283055475257386
2069428042137788691
2069443043783213561
2069471799549538589
2069518486221832558
2069607723302297793
2069616071754342597
2069835730998976534
2069887064389095494
2069972134118707511
2069959207638757547
2069977660923535386
2069970111545389066
2069962561353667053
2069956366371045799
2070000280075477421
2069992760476570110
2069985210821673126
2069996686605451650
2069992178773037133
2070168947337445516
2070167845573710059
2070143755869397158
2070178469481517240
2070173687995875584
2070258314651537474
2070257001527923124
2070249451738820797
2070243211847881149
2070241902272614809
2070347568601506302
2070340049153970409
2070332499482349756
2070318697777127509
2070317399836930102
2070363883609661574
2070311595817795899
2070288846743638339
2070357556233674776
2070348869511352770
2070343859817873539
2070341281872585054
2070303832161345741
2070291236599312517
2070280889565593972
2070530262979792936
2070515220783784009
2070513692941107266
2070541241285321200
2070522482704998730
2070590500529459203
2070589190589341779
2070575392352813420
2070607383634841881
2070600485380472975
2070691088528994475
2070717536493011400
2070709986494206092
2070702436688216382
2070870037393797459
2070971495749394569
2071054078927667459
2071053395633565991
2071042175350063306
2076701596252250365
2076713272502636913
2076714715506454797
2076789305616535829
2076868708102975730
2077000165538349348
2077072360838930900
2077116233145524537
2077156650688131313
2077212918442250543
2077237883048689802
2077382815457718411
2077387206579409406
2077428954407805031
